//180 big: 180
ddd l1000={{0,0,0,0,102,177,152,0,0,0,0},{0,0,0,0,102,177,152,0,0,0,0},{1001,0,0,0,0,0,0,0,0,0,1051},{1001,1003,0,0,0,176,0,0,0,1053,1051},{0,0,0,0,1227,1,1277,0,0,0,0},{1201,1203,0,0,0,376,0,0,0,1253,1251},{1201,0,0,0,0,0,0,0,0,0,1251},{0,0,0,0,302,377,352,0,0,0,0},{0,0,0,0,302,377,352,0,0,0,0}};

//476 big: 476
ddd l1001={{1002,1002,0,1006,1006,0,1066,1066,0,1062,1062},{1005,1005,0,1006,1006,191,1066,1066,0,1065,1065},{1005,1005,0,0,1004,191,1064,0,0,1065,1065},{0,102,1003,1008,1004,0,1064,1068,1063,162,0},{1001,102,1003,0,0,0,0,0,1063,162,1061},{1277,1277,0,0,0,1,0,0,0,1337,1337},{1241,342,1243,0,0,0,0,0,1303,402,1301},{0,342,1243,1248,1244,0,1304,1308,1303,402,0},{1245,1245,0,0,1244,431,1304,0,0,1305,1305},{1245,1245,0,1246,1246,431,1306,1306,0,1305,1305},{1242,1242,0,1246,1246,0,1306,1306,0,1302,1302}};

//1782 big: 1782
ddd l1002={{0,0,1006,1006,0,1090,0,1064,1064,0,0},{0,1001,0,0,0,0,0,0,0,1059,0},{1004,1001,0,0,1009,1096,1067,0,0,1059,1062},{0,0,0,0,1009,1096,1067,0,0,0,0},{1007,1002,1002,0,1008,0,1066,0,1060,1060,1065},{1268,0,1266,0,0,1,0,0,1324,0,1326},{1239,1234,1234,0,1240,0,1298,0,1292,1292,1297},{0,0,0,0,1241,1328,1299,0,0,0,0},{1236,1233,0,0,1241,1328,1299,0,0,1291,1294},{0,1233,0,0,0,0,0,0,0,1291,0},{0,0,1238,1238,0,1322,0,1296,1296,0,0}};

//3486 big: 3486
ddd l1003={{0,0,0,101,101,0,155,155,0,0,0},{1003,102,102,101,101,0,155,155,156,156,1057},{0,102,102,0,0,0,0,0,156,156,0},{0,1002,1002,1001,0,184,0,1055,1056,1056,0},{0,0,0,104,0,184,0,158,0,0,0},{0,0,0,0,0,1,0,0,0,0,0},{0,0,0,320,0,400,0,374,0,0,0},{0,1218,1218,1217,0,400,0,1271,1272,1272,0},{0,318,318,0,0,0,0,0,372,372,0},{1219,318,318,317,317,0,371,371,372,372,1273},{0,0,0,317,317,0,371,371,0,0,0}};

//22000 big: 22000
ddd l1004={{1003,0,0,0,0,0,0,0,0,0,1053},{1002,1002,1001,1001,0,0,0,1051,1051,1052,1052},{0,0,0,0,0,0,0,0,0,0,0},{0,0,0,0,0,0,0,0,0,0,0},{0,0,0,0,102,177,152,0,0,0,0},{0,326,0,0,0,1,0,0,0,376,0},{0,0,0,0,302,377,352,0,0,0,0},{0,0,0,0,0,0,0,0,0,0,0},{0,0,0,0,0,0,0,0,0,0,0},{1202,1202,1201,1201,0,0,0,1251,1251,1252,1252},{1203,0,0,0,0,0,0,0,0,0,1253}};

//37280 big: 37280
ddd l1005={{0,103,104,104,0,0,0,158,158,157,0},{0,103,0,0,1001,1082,1055,0,0,157,0},{0,0,101,0,1001,1082,1055,0,155,0,0},{0,0,0,0,0,0,0,0,0,0,0},{0,1003,0,0,0,0,0,0,0,1057,0},{1245,1246,0,0,345,1,399,0,0,1300,1299},{0,1219,0,0,0,0,0,0,0,1273,0},{0,0,0,0,0,0,0,0,0,0,0},{0,0,317,0,1217,1298,1271,0,371,0,0},{0,319,0,0,1217,1298,1271,0,0,373,0},{0,319,320,320,0,0,0,374,374,373,0}};

