//1008 depth: 9 traps: 0 toolong: 0
ddd l1000={{101,0,1003,0,0,0,0,0,1057,0,155},{0,0,1003,102,0,0,0,156,1057,0,0},{1004,1004,1002,0,0,0,0,0,1056,1058,1058},{1004,1004,0,0,1001,1082,1055,0,0,1058,1058},{0,0,0,1005,1001,1082,1055,1059,0,0,0},{0,0,0,0,0,1,0,0,0,0,0},{0,0,0,1221,1217,1298,1271,1275,0,0,0},{1220,1220,0,0,1217,1298,1271,0,0,1274,1274},{1220,1220,1218,0,0,0,0,0,1272,1274,1274},{0,0,1219,318,0,0,0,372,1273,0,0},{317,0,1219,0,0,0,0,0,1273,0,371}};

//3087 depth: 9 traps: 0 toolong: 1
ddd l1001={{1006,1006,0,1002,0,1090,0,1060,0,1064,1064},{1006,1006,103,0,1004,0,1062,0,161,1064,1064},{101,0,103,0,1004,0,1062,0,161,0,159},{0,102,0,0,1005,1092,1063,0,0,160,0},{0,102,0,0,0,1088,0,0,0,160,0},{0,0,0,0,0,1,0,0,0,0,0},{0,334,0,0,0,1320,0,0,0,392,0},{0,334,0,0,1237,1324,1295,0,0,392,0},{333,0,335,0,1236,0,1294,0,393,0,391},{1238,1238,335,0,1236,0,1294,0,393,1296,1296},{1238,1238,0,1234,0,1322,0,1292,0,1296,1296}};

//6776 depth: 7 traps: 0 toolong: 1
ddd l1002={{0,0,0,107,106,0,166,167,0,0,0},{101,0,0,0,106,1092,166,0,0,0,161},{1003,0,104,0,0,0,0,0,164,0,1063},{1003,103,103,0,0,0,0,0,163,163,1063},{0,1001,0,105,102,0,162,165,0,1061,0},{0,0,0,0,0,1,0,0,0,0,0},{0,1241,0,345,342,0,402,405,0,1301,0},{1243,343,343,0,0,0,0,0,403,403,1303},{1243,0,344,0,0,0,0,0,404,0,1303},{341,0,0,0,346,1332,406,0,0,0,401},{0,0,0,347,346,0,406,407,0,0,0}};

//1780 depth: 10 traps: 0 toolong: 1
ddd l1003={{101,0,0,0,0,1087,0,0,0,0,157},{1006,102,1004,1004,0,1087,0,1060,1060,158,1062},{0,0,1002,0,0,0,0,0,1058,0,0},{0,0,1002,0,0,0,0,0,1058,0,0},{0,1001,1001,0,0,0,0,0,1057,1057,0},{1257,0,0,0,0,1,0,0,0,0,1313},{0,1225,1225,0,0,0,0,0,1281,1281,0},{0,0,1226,0,0,0,0,0,1282,0,0},{0,0,1226,0,0,0,0,0,1282,0,0},{1230,326,1228,1228,0,1311,0,1284,1284,382,1286},{325,0,0,0,0,1311,0,0,0,0,381}};

//1710 depth: 10 traps: 0 toolong: 1
ddd l1004={{0,0,1003,102,102,193,162,162,1063,0,0},{1004,1004,1005,1005,0,193,0,1065,1065,1064,1064},{1004,1004,0,105,0,0,0,165,0,1064,1064},{101,0,104,105,0,0,0,165,164,0,161},{1002,1002,0,0,1001,1091,1061,0,0,1062,1062},{1272,1272,0,0,0,1,0,0,0,1332,1332},{1242,1242,0,0,1241,1331,1301,0,0,1302,1302},{341,0,344,345,0,0,0,405,404,0,401},{1244,1244,0,345,0,0,0,405,0,1304,1304},{1244,1244,1245,1245,0,433,0,1305,1305,1304,1304},{0,0,1243,342,342,433,402,402,1303,0,0}};

//2560 depth: 10 traps: 0 toolong: 1
ddd l1005={{0,0,0,1002,0,0,0,1050,0,0,0},{0,0,0,1002,0,1073,0,1050,0,0,0},{0,0,0,0,0,1073,0,0,0,0,0},{0,0,0,0,0,0,0,0,0,0,0},{1004,1004,0,0,0,0,0,0,0,1052,1052},{1220,1220,1219,0,0,1,0,0,1267,1268,1268},{1196,1196,0,0,0,0,0,0,0,1244,1244},{0,0,0,0,0,0,0,0,0,0,0},{0,0,0,0,0,1265,0,0,0,0,0},{0,0,0,1194,0,1265,0,1242,0,0,0},{0,0,0,1194,0,0,0,1242,0,0,0}};

//4609 depth: 11 traps: 0 toolong: 1
ddd l1006={{0,1002,1002,1004,1004,0,1062,1062,1060,1060,0},{1005,1002,1002,0,1003,1090,1061,0,1060,1060,1063},{102,0,0,1006,0,188,0,1064,0,0,160},{0,0,103,1006,0,0,0,1064,161,0,0},{1001,1001,0,0,0,0,0,0,0,1059,1059},{1262,1262,0,0,0,1,0,0,0,1320,1320},{1233,1233,0,0,0,0,0,0,0,1291,1291},{0,0,335,1238,0,0,0,1296,393,0,0},{334,0,0,1238,0,420,0,1296,0,0,392},{1237,1234,1234,0,1235,1322,1293,0,1292,1292,1295},{0,1234,1234,1236,1236,0,1294,1294,1292,1292,0}};

//7664 depth: 8 traps: 0 toolong: 2
ddd l1007={{0,0,1006,1006,0,0,0,1070,1070,0,0},{101,0,1002,1004,1004,0,1068,1068,1066,0,165},{1001,0,0,0,1005,1101,1069,0,0,0,1065},{1003,1003,0,104,1005,1101,1069,168,0,1067,1067},{1007,0,102,105,0,199,0,169,166,0,1071},{0,0,0,393,0,1,0,457,0,0,0},{1263,0,358,361,0,455,0,425,422,0,1327},{1259,1259,0,360,1261,1357,1325,424,0,1323,1323},{1257,0,0,0,1261,1357,1325,0,0,0,1321},{357,0,1258,1260,1260,0,1324,1324,1322,0,421},{0,0,1262,1262,0,0,0,1326,1326,0,0}};

//8514 depth: 9 traps: 0 toolong: 2
ddd l1008={{0,1004,1004,0,1001,1091,1061,0,1064,1064,0},{0,104,1005,103,1003,0,1063,163,1065,164,0},{0,0,1005,0,1003,0,1063,0,1065,0,0},{0,0,0,0,0,192,0,0,0,0,0},{0,101,0,0,0,0,0,0,0,161,0},{1272,371,375,0,0,1,0,0,435,431,1332},{0,341,0,0,0,0,0,0,0,401,0},{0,0,0,0,0,432,0,0,0,0,0},{0,0,1245,0,1243,0,1303,0,1305,0,0},{0,344,1245,343,1243,0,1303,403,1305,404,0},{0,1244,1244,0,1241,1331,1301,0,1304,1304,0}};

//12430 depth: 10 traps: 0 toolong: 2
ddd l1009={{0,0,0,0,1002,1086,1058,0,0,0,0},{0,0,1001,1003,1002,1086,1058,1059,1057,0,0},{0,0,1006,0,0,0,0,0,1062,0,0},{0,0,1006,0,101,0,157,0,1062,0,0},{0,0,0,1004,101,0,157,1060,0,0,0},{1257,0,354,0,0,1,0,0,410,0,1313},{0,0,0,1228,325,0,381,1284,0,0,0},{0,0,1230,0,325,0,381,0,1286,0,0},{0,0,1230,0,0,0,0,0,1286,0,0},{0,0,1225,1227,1226,1310,1282,1283,1281,0,0},{0,0,0,0,1226,1310,1282,0,0,0,0}};

//16272 depth: 9 traps: 0 toolong: 2
ddd l1010={{101,0,0,103,1002,0,1060,161,0,0,159},{1003,0,105,104,1001,1088,1059,162,163,0,1061},{1003,0,105,0,1001,1088,1059,0,163,0,1061},{0,0,0,0,0,0,0,0,0,0,0},{1004,1004,0,0,0,0,0,0,0,1062,1062},{1265,1265,0,0,363,1,421,0,0,1323,1323},{1236,1236,0,0,0,0,0,0,0,1294,1294},{0,0,0,0,0,0,0,0,0,0,0},{1235,0,337,0,1233,1320,1291,0,395,0,1293},{1235,0,337,336,1233,1320,1291,394,395,0,1293},{333,0,0,335,1234,0,1292,393,0,0,391}};

//1045 depth: 11 traps: 0 toolong: 2
ddd l1011={{0,0,1006,102,0,0,0,164,1068,0,0},{0,101,1006,102,0,0,0,164,1068,163,0},{0,101,0,1003,1008,0,1070,1065,0,163,0},{1002,1004,0,1003,1008,0,1070,1065,0,1066,1064},{0,1007,0,1009,1009,1094,1071,1071,0,1069,0},{1284,1286,0,0,0,1,0,0,0,1348,1346},{0,1255,0,1257,1257,1342,1319,1319,0,1317,0},{1250,1252,0,1251,1256,0,1318,1313,0,1314,1312},{0,349,0,1251,1256,0,1318,1313,0,411,0},{0,349,1254,350,0,0,0,412,1316,411,0},{0,0,1254,350,0,0,0,412,1316,0,0}};

//2280 depth: 12 traps: 0 toolong: 2
ddd l1012={{0,1006,0,1002,1004,0,1060,1058,0,1062,0},{0,1003,1003,1002,0,1092,0,1058,1059,1059,0},{0,0,0,0,0,1092,0,0,0,0,0},{1001,1005,1005,0,0,0,0,0,1061,1061,1057},{0,1005,1005,0,0,0,0,0,1061,1061,0},{1259,1259,0,0,0,1,0,0,0,1315,1315},{0,1229,1229,0,0,0,0,0,1285,1285,0},{1225,1229,1229,0,0,0,0,0,1285,1285,1281},{0,0,0,0,0,1316,0,0,0,0,0},{0,1227,1227,1226,0,1316,0,1282,1283,1283,0},{0,1230,0,1226,1228,0,1284,1282,0,1286,0}};

//17520 depth: 10 traps: 0 toolong: 2
ddd l1013={{0,1004,102,102,1002,1086,1058,158,158,1060,0},{0,1004,0,0,0,0,0,0,0,1060,0},{0,0,0,103,103,0,159,159,0,0,0},{0,1003,0,103,103,0,159,159,0,1059,0},{0,1003,1001,1001,104,188,160,1057,1057,1059,0},{353,353,1253,1253,0,1,0,1309,1309,409,409},{0,1227,1225,1225,328,412,384,1281,1281,1283,0},{0,1227,0,327,327,0,383,383,0,1283,0},{0,0,0,327,327,0,383,383,0,0,0},{0,1228,0,0,0,0,0,0,0,1284,0},{0,1228,326,326,1226,1310,1282,382,382,1284,0}};

//33506 depth: 11 traps: 0 toolong: 3
ddd l1014={{0,1001,1001,1003,1084,1057,1055,1055,0},{0,0,0,1003,1084,1057,0,0,0},{0,0,0,0,0,0,0,0,0},{102,0,1002,0,0,0,1056,0,156},{101,1004,1004,0,184,0,1058,1058,155},{344,1247,1247,0,1,0,1301,1301,398},{317,1220,1220,0,400,0,1274,1274,371},{318,0,1218,0,0,0,1272,0,372},{0,0,0,0,0,0,0,0,0},{0,0,0,1219,1300,1273,0,0,0},{0,1217,1217,1219,1300,1273,1271,1271,0}};

//1656 depth: 12 traps: 0 toolong: 3
ddd l1015={{101,1001,1001,1010,1002,1110,1068,1076,1067,1067,167},{101,1001,1001,1012,1003,1108,1069,1078,1067,1067,167},{0,0,1004,1012,1007,1106,1073,1078,1070,0,0},{1006,0,0,0,0,0,0,0,0,0,1072},{1006,0,1008,1008,0,0,0,1074,1074,0,1072},{1302,0,1305,1305,0,1,0,1371,1371,0,1368},{1270,0,1272,1272,0,0,0,1338,1338,0,1336},{1270,0,0,0,0,0,0,0,0,0,1336},{0,0,1268,1276,1271,1370,1337,1342,1334,0,0},{365,1265,1265,1276,1267,1372,1333,1342,1331,1331,431},{365,1265,1265,1274,1266,1374,1332,1340,1331,1331,431}};

//60948 depth: 9 traps: 0 toolong: 3
ddd l1016={{0,0,1004,0,1001,0,1051,0,1054,0,0},{0,0,1004,0,1003,1078,1053,0,1054,0,0},{1002,1002,0,0,0,0,0,0,0,1052,1052},{1002,1002,0,0,101,176,151,0,0,1052,1052},{0,0,0,0,0,1,0,0,0,0,0},{1202,1202,0,0,301,376,351,0,0,1252,1252},{1202,1202,0,0,0,0,0,0,0,1252,1252},{0,0,1204,0,1203,1278,1253,0,1254,0,0},{0,0,1204,0,1201,0,1251,0,1254,0,0}};

//2366 depth: 13 traps: 0 toolong: 4
ddd l1017={{0,0,1003,1004,0,0,0,1058,1057,0,0},{0,0,1006,1004,0,0,0,1058,1060,0,0},{1005,0,1006,101,101,1083,155,155,1060,0,1059},{1005,0,0,101,101,0,155,155,0,0,1059},{1001,1001,0,0,0,0,0,0,0,1055,1055},{1244,1244,0,0,0,1,0,0,0,1298,1298},{1217,1217,0,0,0,0,0,0,0,1271,1271},{1221,0,0,317,317,0,371,371,0,0,1275},{1221,0,1222,317,317,1299,371,371,1276,0,1275},{0,0,1222,1220,0,0,0,1274,1276,0,0},{0,0,1219,1220,0,0,0,1274,1273,0,0}};

//117755 depth: 11 traps: 0 toolong: 7
ddd l1018={{0,0,1010,1010,1009,0,1071,1072,1072,0,0},{0,0,1010,1010,1004,0,1066,1072,1072,0,0},{1003,1002,1008,1001,1004,0,1066,1063,1070,1064,1065},{0,0,1008,1001,0,1099,0,1063,1070,0,0},{1005,0,0,0,101,0,163,0,0,0,1067},{0,1286,1286,0,380,1,442,0,1348,1348,0},{1253,0,0,0,349,0,411,0,0,0,1315},{0,0,1256,1249,0,1347,0,1311,1318,0,0},{1251,1250,1256,1249,1252,0,1314,1311,1318,1312,1313},{0,0,1258,1258,1252,0,1314,1320,1320,0,0},{0,0,1258,1258,1257,0,1319,1320,1320,0,0}};

//102934 depth: 13 traps: 0 toolong: 7
ddd l1019={{0,1008,1008,1003,1003,0,1063,1063,1068,1068,0},{0,0,0,1001,0,0,0,1061,0,0,0},{0,0,1004,1001,0,1095,0,1061,1064,0,0},{0,1002,1002,102,0,1095,0,162,1062,1062,0},{1007,1007,1006,0,101,191,161,0,1066,1067,1067},{1277,1277,1276,0,0,1,0,0,1336,1337,1337},{1247,1247,1246,0,341,431,401,0,1306,1307,1307},{0,1242,1242,342,0,1335,0,402,1302,1302,0},{0,0,1244,1241,0,1335,0,1301,1304,0,0},{0,0,0,1241,0,0,0,1301,0,0,0},{0,1248,1248,1243,1243,0,1303,1303,1308,1308,0}};

//4245 depth: 15 traps: 0 toolong: 12
ddd l1020={{1007,1007,0,0,106,0,180,0,0,1081,1081},{101,0,108,1006,1006,216,1080,1080,182,0,175},{1002,1003,0,0,0,215,0,0,0,1077,1076},{1002,1003,102,1005,109,220,183,1079,176,1077,1076},{0,0,103,1005,0,1112,0,1079,177,0,0},{1341,1337,1337,440,0,1,0,514,1411,1411,1415},{0,0,399,1301,0,1408,0,1375,473,0,0},{1298,1299,398,1301,405,516,479,1375,472,1373,1372},{1298,1299,0,0,0,511,0,0,0,1373,1372},{397,0,404,1302,1302,512,1376,1376,478,0,471},{1303,1303,0,0,402,0,476,0,0,1377,1377}};

//113354 depth: 19 traps: 0 toolong: 16
ddd l1021={{1007,108,108,104,1006,1117,1080,178,182,182,1081},{1007,105,1002,104,1006,1117,1080,178,1076,179,1081},{110,105,1001,0,0,213,0,0,1075,179,184},{110,1003,101,106,106,0,180,180,175,1077,184},{1004,1004,0,103,103,218,177,177,0,1078,1078},{0,0,0,442,1338,1,1412,516,0,0,0},{1300,1300,0,399,399,514,473,473,0,1374,1374},{406,1299,397,402,402,0,476,476,471,1373,480},{406,401,1297,0,0,509,0,0,1371,475,480},{1303,401,1298,400,1302,1413,1376,474,1372,475,1377},{1303,404,404,400,1302,1413,1376,474,478,478,1377}};

//137225 depth: 11 traps: 0 toolong: 21
ddd l1022={{0,0,0,1006,1001,1091,1061,1066,0,0,0},{101,1004,0,1006,0,1095,0,1066,0,1064,161},{101,1004,0,1002,1002,192,1062,1062,0,1064,161},{0,0,0,0,0,0,0,0,0,0,0},{1003,1003,0,0,0,193,0,0,0,1063,1063},{1273,1273,0,374,374,1,434,434,0,1333,1333},{1243,1243,0,0,0,433,0,0,0,1303,1303},{0,0,0,0,0,0,0,0,0,0,0},{341,1244,0,1242,1242,432,1302,1302,0,1304,401},{341,1244,0,1246,0,1335,0,1306,0,1304,401},{0,0,0,1246,1241,1331,1301,1306,0,0,0}};

//205436 depth: 11 traps: 0 toolong: 23
ddd l1023={{0,0,0,0,1004,1082,1056,0,0,0,0},{1002,102,1003,0,0,0,0,0,1055,154,1054},{1002,0,0,0,0,0,0,0,0,0,1054},{0,0,0,0,0,0,0,0,0,0,0},{1001,1001,0,101,101,0,153,153,0,1053,1053},{1235,1235,0,335,335,1,387,387,0,1287,1287},{1209,1209,0,309,309,0,361,361,0,1261,1261},{0,0,0,0,0,0,0,0,0,0,0},{1210,0,0,0,0,0,0,0,0,0,1262},{1210,310,1211,0,0,0,0,0,1263,362,1262},{0,0,0,0,1212,1290,1264,0,0,0,0}};

//243660 depth: 12 traps: 0 toolong: 33
ddd l1024={{101,0,0,0,1003,1084,1057,0,0,0,155},{101,0,0,1005,1003,1084,1057,1059,0,0,155},{0,0,0,1005,0,0,0,1059,0,0,0},{1001,1001,0,0,0,0,0,0,0,1055,1055},{0,1004,1004,0,102,0,156,0,1058,1058,0},{1245,1245,0,0,0,1,0,0,0,1299,1299},{0,1220,1220,0,318,0,372,0,1274,1274,0},{1217,1217,0,0,0,0,0,0,0,1271,1271},{0,0,0,1221,0,0,0,1275,0,0,0},{317,0,0,1221,1219,1300,1273,1275,0,0,371},{317,0,0,0,1219,1300,1273,0,0,0,371}};

//9310 depth: 19 traps: 0 toolong: 42
ddd l1025={{1002,106,0,0,1003,209,1075,0,0,178,1074},{1002,103,103,0,0,215,0,0,175,175,1074},{104,104,0,109,109,215,181,181,0,176,176},{0,1006,1005,102,105,213,177,174,1077,1078,0},{108,1006,1005,0,1004,1112,1076,0,1077,1078,180},{0,1325,0,434,0,1,0,506,0,1397,0},{396,1294,1293,0,1292,1400,1364,0,1365,1366,468},{0,1294,1293,390,393,501,465,462,1365,1366,0},{392,392,0,397,397,503,469,469,0,464,464},{1290,391,391,0,0,503,0,0,463,463,1362},{1290,394,0,0,1291,497,1363,0,0,466,1362}};

//339888 depth: 12 traps: 0 toolong: 102
ddd l1026={{0,101,101,0,0,0,0,0,163,163,0},{1006,1008,1008,1009,1001,1094,1063,1071,1070,1070,1068},{0,0,0,0,0,1097,0,0,0,0,0},{1002,0,0,0,0,1097,0,0,0,0,1064},{1002,1003,1005,0,102,0,164,0,1067,1065,1064},{1286,0,0,0,381,1,443,0,0,0,1348},{1250,1251,1253,0,350,0,412,0,1315,1313,1312},{1250,0,0,0,0,1345,0,0,0,0,1312},{0,0,0,0,0,1345,0,0,0,0,0},{1254,1256,1256,1257,1249,1342,1311,1319,1318,1318,1316},{0,349,349,0,0,0,0,0,411,411,0}};

//40720 depth: 20 traps: 0 toolong: 133
ddd l1027={{1003,1002,1002,0,0,1106,0,0,1072,1072,1073},{105,1006,0,101,103,1109,173,171,0,1076,175},{0,1006,0,104,0,1110,0,174,0,1076,0},{1007,1007,0,1010,1010,0,1080,1080,0,1077,1077},{1007,1007,0,102,0,0,0,172,0,1077,1077},{1324,1324,0,417,1323,1,1393,487,0,1394,1394},{1287,1287,0,382,0,0,0,452,0,1357,1357},{1287,1287,0,1290,1290,0,1360,1360,0,1357,1357},{0,1286,0,384,0,1390,0,454,0,1356,0},{385,1286,0,381,383,1389,453,451,0,1356,455},{1283,1282,1282,0,0,1386,0,0,1352,1352,1353}};

//692955 depth: 15 traps: 0 toolong: 169
ddd l1028={{0,1005,1005,0,1002,1086,1058,0,1061,1061,0},{0,1005,1005,0,0,0,0,0,1061,1061,0},{1004,0,0,1006,1006,0,1062,1062,0,0,1060},{1004,1007,0,1006,1006,0,1062,1062,0,1063,1060},{0,1007,0,0,101,185,157,0,0,1063,0},{1253,1255,0,0,0,1,0,0,0,1311,1309},{0,1231,0,0,325,409,381,0,0,1287,0},{1228,1231,0,1230,1230,0,1286,1286,0,1287,1284},{1228,0,0,1230,1230,0,1286,1286,0,0,1284},{0,1229,1229,0,0,0,0,0,1285,1285,0},{0,1229,1229,0,1226,1310,1282,0,1285,1285,0}};

//294340 depth: 20 traps: 0 toolong: 193
ddd l1029={{0,0,0,1008,0,0,0,1070,0,0,0},{1001,1007,0,1008,1006,1099,1068,1070,0,1069,1063},{1002,1002,0,1003,1003,0,1065,1065,0,1064,1064},{1002,1002,0,101,0,0,0,163,0,1064,1064},{0,1005,0,101,0,1097,0,163,0,1067,0},{0,1284,0,381,382,1,444,443,0,1346,0},{0,1253,0,349,0,1345,0,411,0,1315,0},{1250,1250,0,349,0,0,0,411,0,1312,1312},{1250,1250,0,1251,1251,0,1313,1313,0,1312,1312},{1249,1255,0,1256,1254,1347,1316,1318,0,1317,1311},{0,0,0,1256,0,0,0,1318,0,0,0}};

//717423 depth: 21 traps: 0 toolong: 324
ddd l1030={{0,0,1005,1004,1001,201,1067,1070,1071,0,0},{1009,0,1005,1004,1006,1105,1072,1070,1071,0,1075},{1010,0,0,101,0,1106,0,167,0,0,1076},{1008,0,0,101,1002,1106,1068,167,0,0,1074},{1008,0,0,103,103,0,169,169,0,0,1074},{1300,0,0,400,400,1,466,466,0,0,1366},{1272,0,0,367,367,0,433,433,0,0,1338},{1272,0,0,365,1266,1370,1332,431,0,0,1338},{1274,0,0,365,0,1370,0,431,0,0,1340},{1273,0,1269,1268,1270,1369,1336,1334,1335,0,1339},{0,0,1269,1268,1265,465,1331,1334,1335,0,0}};

//477595 depth: 23 traps: 0 toolong: 436
ddd l1031={{0,1002,1002,1003,1006,0,1066,1063,1062,1062,0},{0,1008,0,0,1006,0,1066,0,0,1068,0},{1004,1008,0,0,102,192,162,0,0,1068,1064},{1004,1007,0,101,102,192,162,161,0,1067,1064},{0,0,1005,0,1001,1091,1061,0,1065,0,0},{0,0,1275,0,0,1,0,0,1335,0,0},{0,0,1245,0,1241,1331,1301,0,1305,0,0},{1244,1247,0,341,342,432,402,401,0,1307,1304},{1244,1248,0,0,342,432,402,0,0,1308,1304},{0,1248,0,0,1246,0,1306,0,0,1308,0},{0,1242,1242,1243,1246,0,1306,1303,1302,1302,0}};

//767736 depth: 18 traps: 0 toolong: 827
ddd l1032={{102,106,0,103,1001,1108,1069,171,0,174,170},{104,106,0,0,0,0,0,0,0,174,172},{104,0,1005,1005,0,0,0,1073,1073,0,172},{105,108,108,1004,107,209,175,1072,176,176,173},{105,1003,1002,1002,107,209,175,1070,1070,1071,173},{0,1309,0,0,407,1,475,0,0,1377,0},{377,1275,1274,1274,379,481,447,1342,1342,1343,445},{377,380,380,1276,379,481,447,1344,448,448,445},{376,0,1277,1277,0,0,0,1345,1345,0,444},{376,378,0,0,0,0,0,0,0,446,444},{374,378,0,375,1273,1380,1341,443,0,446,442}};

//892772 depth: 19 traps: 0 toolong: 1407
ddd l1033={{102,1001,0,0,0,0,0,0,0,1061,162},{0,1001,1005,1005,1004,0,1064,1065,1065,1061,0},{104,1006,1005,1005,0,0,0,1065,1065,1066,164},{0,1006,0,0,101,191,161,0,0,1066,0},{1002,0,0,103,103,1093,163,163,0,0,1062},{1272,0,0,373,373,1,433,433,0,0,1332},{1242,0,0,343,343,1333,403,403,0,0,1302},{0,1246,0,0,341,431,401,0,0,1306,0},{344,1246,1245,1245,0,0,0,1305,1305,1306,404},{0,1241,1245,1245,1244,0,1304,1305,1305,1301,0},{342,1241,0,0,0,0,0,0,0,1301,402}};

//955440 depth: 20 traps: 0 toolong: 2558
ddd l1034={{107,104,104,1002,1002,0,1066,1066,168,168,171},{0,104,104,1002,1002,1097,1066,1066,168,168,0},{0,101,0,0,0,1097,0,0,0,165,0},{106,106,1003,105,108,204,172,169,1067,170,170},{1004,0,1003,0,108,204,172,0,1067,0,1068},{1292,390,0,0,391,1,455,0,0,454,1356},{1260,0,1259,0,364,460,428,0,1323,0,1324},{362,362,1259,361,364,460,428,425,1323,426,426},{0,357,0,0,0,1353,0,0,0,421,0},{0,360,360,1258,1258,1353,1322,1322,424,424,0},{363,360,360,1258,1258,0,1322,1322,424,424,427}};

//1046346 depth: 21 traps: 0 toolong: 2748
ddd l1035={{0,0,0,0,1001,1097,1065,0,0,0,0},{1005,1005,101,1007,0,0,0,1071,165,1069,1069},{1005,1005,0,1007,104,1099,168,1071,0,1069,1069},{1002,1006,0,1004,0,0,0,1068,0,1070,1066},{1002,0,102,102,0,0,0,166,166,0,1066},{1296,0,0,391,391,1,455,455,0,0,1360},{1258,0,358,358,0,0,0,422,422,0,1322},{1258,1262,0,1260,0,0,0,1324,0,1326,1322},{1261,1261,0,1263,360,1355,424,1327,0,1325,1325},{1261,1261,357,1263,0,0,0,1327,421,1325,1325},{0,0,0,0,1257,1353,1321,0,0,0,0}};

//37632 depth: 24 traps: 0 toolong: 3409
ddd l1036={{105,104,0,1003,0,0,0,1069,0,170,171},{1005,1005,0,1003,1006,1105,1072,1069,0,1071,1071},{0,1002,0,102,0,0,0,168,0,1068,0},{101,103,103,102,1001,0,1067,168,169,169,167},{101,0,107,107,1001,0,1067,173,173,0,167},{1301,1301,0,403,403,1,469,469,0,1367,1367},{365,0,371,371,1265,0,1331,437,437,0,431},{365,367,367,366,1265,0,1331,432,433,433,431},{0,1266,0,366,0,0,0,432,0,1332,0},{1269,1269,0,1267,1270,1369,1336,1333,0,1335,1335},{369,368,0,1267,0,0,0,1333,0,434,435}};

//139752 depth: 27 traps: 0 toolong: 4012
ddd l1037={{0,1009,0,107,1008,1119,1082,181,0,1083,0},{1007,1009,101,107,1008,1119,1082,181,175,1083,1081},{1007,105,105,0,0,0,0,0,179,179,1081},{1005,0,102,1003,104,214,178,1077,176,0,1079},{1001,1006,1006,0,0,214,0,0,1080,1080,1075},{439,1337,1343,0,1335,1,1409,0,1417,1411,513},{1297,1302,1302,0,0,510,0,0,1376,1376,1371},{1301,0,398,1299,400,510,474,1373,472,0,1375},{1303,401,401,0,0,0,0,0,475,475,1377},{1303,1305,397,403,1304,1415,1378,477,471,1379,1377},{0,1305,0,403,1304,1415,1378,477,0,1379,0}};

//371223 depth: 27 traps: 0 toolong: 6779
ddd l1038={{0,103,103,0,1004,1100,1068,0,167,167,0},{0,107,1002,1002,1004,1100,1068,1066,1066,171,0},{0,0,1002,1002,104,200,168,1066,1066,0,0},{1001,0,0,105,0,1099,0,169,0,0,1065},{1005,101,102,102,0,1099,0,166,166,165,1069},{1293,0,0,394,394,1,458,458,0,0,1357},{1261,357,358,358,0,1355,0,422,422,421,1325},{1257,0,0,361,0,1355,0,425,0,0,1321},{0,0,1258,1258,360,456,424,1322,1322,0,0},{0,363,1258,1258,1260,1356,1324,1322,1322,427,0},{0,359,359,0,1260,1356,1324,0,423,423,0}};

