//11 big: 11
ddd l1000={{1007,1007,0,102,1004,1097,1066,164,0,1069,1069},{1007,1007,1008,1003,1004,1097,1066,1065,1070,1069,1069},{1001,1001,0,1003,0,0,0,1065,0,1063,1063},{1001,1001,1005,1005,101,0,163,1067,1067,1063,1063},{1006,1006,0,0,0,1102,0,0,0,1068,1068},{0,0,0,1281,0,1,0,1343,0,0,0},{1254,1254,0,0,0,1350,0,0,0,1316,1316},{1249,1249,1253,1253,349,0,411,1315,1315,1311,1311},{1249,1249,0,1251,0,0,0,1313,0,1311,1311},{1255,1255,1256,1251,1252,1345,1314,1313,1318,1317,1317},{1255,1255,0,350,1252,1345,1314,412,0,1317,1317}};

//11 big: 11
ddd l1001={{0,1006,1006,0,1004,1098,1064,0,1066,1066,0},{1010,1010,0,0,0,1098,0,0,0,1070,1070},{0,1005,1007,0,1009,0,1069,0,1067,1065,0},{0,0,0,0,0,0,0,0,0,0,0},{0,0,1002,1003,1003,0,1063,1063,1062,0,0},{0,0,1272,1271,0,1,0,1331,1332,0,0},{0,0,1242,1243,1243,0,1303,1303,1302,0,0},{0,0,0,0,0,0,0,0,0,0,0},{0,1245,1247,0,1249,0,1309,0,1307,1305,0},{1250,1250,0,0,0,1338,0,0,0,1310,1310},{0,1246,1246,0,1244,1338,1304,0,1306,1306,0}};

//11 big: 11
ddd l1002={{0,0,0,1004,1082,1056,0,0,0},{1005,0,0,0,0,0,0,0,1057},{1005,0,0,0,0,0,0,0,1057},{1003,1003,1006,0,0,0,1058,1055,1055},{1003,1003,1001,1002,0,1054,1053,1055,1055},{0,0,0,1236,1,1288,0,0,0},{1211,1211,1209,1210,0,1262,1261,1263,1263},{1211,1211,1214,0,0,0,1266,1263,1263},{1213,0,0,0,0,0,0,0,1265},{1213,0,0,0,0,0,0,0,1265},{0,0,0,1212,1290,1264,0,0,0}};

//11 big: 11
ddd l1003={{1006,1005,1001,0,1003,1093,1063,0,1061,1065,1066},{0,1005,1001,0,1003,1093,1063,0,1061,1065,0},{0,102,0,0,0,0,0,0,0,162,0},{0,0,1004,1004,0,191,0,1064,1064,0,0},{0,0,0,104,1002,0,1062,164,0,0,0},{0,373,373,0,1272,1,1332,0,433,433,0},{0,0,0,344,1242,0,1302,404,0,0,0},{0,0,1244,1244,0,431,0,1304,1304,0,0},{0,342,0,0,0,0,0,0,0,402,0},{0,1245,1241,0,1243,1333,1303,0,1301,1305,0},{1246,1245,1241,0,1243,1333,1303,0,1301,1305,1306}};

//11 big: 11
ddd l1004={{0,0,0,0,1003,1078,1053,0,0,0,0},{0,0,0,0,1003,1078,1053,0,0,0,0},{0,0,0,0,0,0,0,0,0,0,0},{0,101,1004,1004,0,0,0,1054,1054,151,0},{1002,0,1004,1004,0,1076,0,1054,1054,0,1052},{1227,0,0,0,0,1,0,0,0,0,1277},{1202,0,1204,1204,0,1276,0,1254,1254,0,1252},{0,301,1204,1204,0,0,0,1254,1254,351,0},{0,0,0,0,0,0,0,0,0,0,0},{0,0,0,0,1203,1278,1253,0,0,0,0},{0,0,0,0,1203,1278,1253,0,0,0,0}};

//14 big: 14
ddd l1005={{101,0,0,1002,1002,0,1068,1068,0,0,167},{0,107,1001,0,1003,1102,1069,0,1067,173,0},{0,107,1001,105,105,203,171,171,1067,173,0},{103,0,0,0,0,201,0,0,0,0,169},{1004,1004,108,108,106,205,172,174,174,1070,1070},{1301,1301,406,0,0,1,0,0,472,1367,1367},{1268,1268,372,372,370,469,436,438,438,1334,1334},{367,0,0,0,0,465,0,0,0,0,433},{0,371,1265,369,369,467,435,435,1331,437,0},{0,371,1265,0,1267,1366,1333,0,1331,437,0},{365,0,0,1266,1266,0,1332,1332,0,0,431}};

//15 big: 15
ddd l1006={{102,101,101,1001,1001,0,1067,1067,167,167,168},{110,101,101,1001,1001,1101,1067,1067,167,167,176},{110,109,109,104,105,204,171,170,175,175,176},{0,0,0,107,0,0,0,173,0,0,0},{0,1003,1003,108,106,202,172,174,1069,1069,0},{0,1300,1300,0,403,1,469,0,1366,1366,0},{0,1267,1267,372,370,466,436,438,1333,1333,0},{0,0,0,371,0,0,0,437,0,0,0},{374,373,373,368,369,468,435,434,439,439,440},{374,365,365,1265,1265,1365,1331,1331,431,431,440},{366,365,365,1265,1265,0,1331,1331,431,431,432}};

//15 big: 15
ddd l1007={{1007,0,0,0,1006,0,1070,0,0,0,1071},{0,1008,1004,1004,0,0,0,1068,1068,1072,0},{1002,1008,0,103,0,0,0,167,0,1072,1066},{1001,0,102,0,1009,1105,1073,0,166,0,1065},{1005,1005,1003,0,0,0,0,0,1067,1069,1069},{1293,1293,1291,389,0,1,0,453,1355,1357,1357},{1261,1261,1259,0,0,0,0,0,1323,1325,1325},{1257,0,358,0,1265,1361,1329,0,422,0,1321},{1258,1264,0,359,0,0,0,423,0,1328,1322},{0,1264,1260,1260,0,0,0,1324,1324,1328,0},{1263,0,0,0,1262,0,1326,0,0,0,1327}};

//15 big: 15
ddd l1008={{1002,0,0,101,1008,1101,1070,163,0,0,1064},{0,1010,1010,1001,0,1097,0,1063,1072,1072,0},{0,0,1006,0,0,0,0,0,1068,0,0},{1007,1007,1006,0,1003,0,1065,0,1068,1069,1069},{1009,0,0,0,1003,0,1065,0,0,0,1071},{0,0,1284,1284,0,1,0,1346,1346,0,0},{1257,0,0,0,1251,0,1313,0,0,0,1319},{1255,1255,1254,0,1251,0,1313,0,1316,1317,1317},{0,0,1254,0,0,0,0,0,1316,0,0},{0,1258,1258,1249,0,1345,0,1311,1320,1320,0},{1250,0,0,349,1256,1349,1318,411,0,0,1312}};

//22 big: 22
ddd l1009={{105,0,104,104,1003,1102,1069,170,170,0,171},{0,108,0,106,1003,1102,1069,172,0,174,0},{0,0,1002,1002,101,0,167,1068,1068,0,0},{1004,0,103,0,0,201,0,0,169,0,1070},{0,107,107,1005,0,201,0,1071,173,173,0},{0,404,404,1302,1298,1,1364,1368,470,470,0},{0,371,371,1269,0,465,0,1335,437,437,0},{1268,0,367,0,0,465,0,0,433,0,1334},{0,0,1266,1266,365,0,431,1332,1332,0,0},{0,372,0,370,1267,1366,1333,436,0,438,0},{369,0,368,368,1267,1366,1333,434,434,0,435}};

//22 big: 22
ddd l1010={{104,104,0,0,1005,1110,1075,0,0,174,174},{108,101,1001,1001,1002,1107,1072,1071,1071,171,178},{108,103,105,109,109,211,179,179,175,173,178},{0,110,110,102,0,0,0,172,180,180,0},{1003,0,0,102,1004,0,1074,172,0,0,1073},{1318,0,422,422,1319,1,1389,492,492,0,1388},{1283,0,0,382,1284,0,1354,452,0,0,1353},{0,390,390,382,0,0,0,452,460,460,0},{388,383,385,389,389,491,459,459,455,453,458},{388,381,1281,1281,1282,1387,1352,1351,1351,451,458},{384,384,0,0,1285,1390,1355,0,0,454,454}};

//24 big: 24
ddd l1011={{1005,1005,1009,1010,0,218,0,1088,1087,1083,1083},{1005,1005,104,0,1012,0,1090,0,182,1083,1083},{103,1002,104,0,102,224,180,0,182,1080,181},{1007,1002,1006,0,1011,1128,1089,0,1084,1080,1085},{1003,1001,1006,0,1004,0,1082,0,1084,1079,1081},{1359,457,456,0,0,1,0,0,534,535,1437},{1315,1313,1318,0,1316,0,1394,0,1396,1391,1393},{1319,1314,1318,0,1323,1440,1401,0,1396,1392,1397},{415,1314,416,0,414,536,492,0,494,1392,493},{1317,1317,416,0,1324,0,1402,0,494,1395,1395},{1317,1317,1321,1322,0,530,0,1400,1399,1395,1395}};

//22 big: 24
ddd l1012={{0,1006,0,102,102,0,164,164,0,1068,0},{0,0,0,1001,1007,1100,1069,1063,0,0,0},{0,0,1008,1008,1007,1100,1069,1070,1070,0,0},{1005,1005,0,0,0,0,0,0,0,1067,1067},{1005,1005,1004,103,1003,0,1065,165,1066,1067,1067},{0,0,380,382,1281,1,1343,444,442,0,0},{1253,1253,1252,351,1251,0,1313,413,1314,1315,1315},{1253,1253,0,0,0,0,0,0,0,1315,1315},{0,0,1256,1256,1255,1348,1317,1318,1318,0,0},{0,0,0,1249,1255,1348,1317,1311,0,0,0},{0,1254,0,350,350,0,412,412,0,1316,0}};

//23 big: 24
ddd l1013={{101,101,0,104,1006,1099,1068,166,0,163,163},{0,1004,1004,1001,102,195,164,1063,1066,1066,0},{1003,1004,1004,1001,0,0,0,1063,1066,1066,1065},{1003,0,0,0,0,0,0,0,0,0,1065},{1005,1005,1002,103,1007,0,1069,165,1064,1067,1067},{0,0,0,382,1286,1,1348,444,0,0,0},{1253,1253,1250,351,1255,0,1317,413,1312,1315,1315},{1251,0,0,0,0,0,0,0,0,0,1313},{1251,1252,1252,1249,0,0,0,1311,1314,1314,1313},{0,1252,1252,1249,350,443,412,1311,1314,1314,0},{349,349,0,352,1254,1347,1316,414,0,411,411}};

