//21360 big: 21360
ddd l1000={{0,0,0,1007,1001,1088,1059,1065,0,0,0},{1003,0,0,1007,1005,0,1063,1065,0,0,1061},{1003,0,0,0,1005,0,1063,0,0,0,1061},{0,1002,1004,0,0,0,0,0,1062,1060,0},{1006,1002,101,102,0,0,0,160,159,1060,1064},{1267,0,0,0,0,1,0,0,0,0,1325},{1238,1234,333,334,0,0,0,392,391,1292,1296},{0,1234,1236,0,0,0,0,0,1294,1292,0},{1235,0,0,0,1237,0,1295,0,0,0,1293},{1235,0,0,1239,1237,0,1295,1297,0,0,1293},{0,0,0,1239,1233,1320,1291,1297,0,0,0}};

//126098 big: 126098
ddd l1001={{0,1003,1001,0,0,0,0,0,1065,1067,0},{1002,1002,0,105,105,1103,169,169,0,1066,1066},{0,0,1006,102,1004,0,1068,166,1070,0,0},{0,0,1006,0,103,0,167,0,1070,0,0},{1005,1005,0,104,104,0,168,168,0,1069,1069},{1293,1293,0,0,389,1,453,0,0,1357,1357},{1261,1261,0,360,360,0,424,424,0,1325,1325},{0,0,1262,0,359,0,423,0,1326,0,0},{0,0,1262,358,1260,0,1324,422,1326,0,0},{1258,1258,0,361,361,1359,425,425,0,1322,1322},{0,1259,1257,0,0,0,0,0,1321,1323,0}};

//249802 big: 249802
ddd l1002={{1009,0,0,1004,1007,1100,1069,1066,0,0,1071},{1006,1006,0,1005,1007,1100,1069,1067,0,1068,1068},{0,0,0,1001,0,0,0,1063,0,0,0},{1002,0,0,1001,0,0,0,1063,0,0,1064},{1003,1003,0,0,101,0,163,0,0,1065,1065},{1282,1282,1287,1287,381,1,443,1349,1349,1344,1344},{1251,1251,0,0,349,0,411,0,0,1313,1313},{1250,0,0,1249,0,0,0,1311,0,0,1312},{0,0,0,1249,0,0,0,1311,0,0,0},{1254,1254,0,1253,1255,1348,1317,1315,0,1316,1316},{1257,0,0,1252,1255,1348,1317,1314,0,0,1319}};

//634080 big: 634080
ddd l1003={{1006,1006,103,103,0,0,0,163,163,1066,1066},{0,0,103,103,1002,0,1062,163,163,0,0},{1003,1003,0,0,0,1095,0,0,0,1063,1063},{0,0,0,1001,104,194,164,1061,0,0,0},{1004,1004,0,101,0,0,0,161,0,1064,1064},{1274,1274,0,371,372,1,432,431,0,1334,1334},{1244,1244,0,341,0,0,0,401,0,1304,1304},{0,0,0,1241,344,434,404,1301,0,0,0},{1243,1243,0,0,0,1335,0,0,0,1303,1303},{0,0,343,343,1242,0,1302,403,403,0,0},{1246,1246,343,343,0,0,0,403,403,1306,1306}};

